C6-A,000000,000000 ,000000 ,000000 ,000000,000000 ,000000 ,000000 ,000000 ,000000,000000 
C6-B,000000,000000 ,000000 ,000000 ,000000,000000 ,000000 ,000000 ,000000 ,000000,000000 
C5-A,000000,000000 ,000000 ,000000 ,000000,000000 ,000000 ,000000 ,000000 ,000000,000000 
S1  ,000001,000000 ,000000 ,000001 ,000005,000000 ,000000 ,000000 ,000005 ,000014,000333 
S2  ,000000,000000 ,000000 ,000000 ,000004,000000 ,000000 ,000000 ,000004 ,000021,000594 
S3  ,000000,000000 ,000000 ,000000 ,000000,000000 ,000000 ,000000 ,000000 ,000000,000000 
S5  ,000000,000000 ,000000 ,000000 ,000000,000000 ,000000 ,000000 ,000000 ,000000,000000 
W3  ,000000,000000 ,000000 ,000000 ,000007,000000 ,000000 ,000000 ,000007 ,000022,000547 
W4  ,000001,000000 ,000000 ,000001 ,000003,000000 ,000000 ,000000 ,000003 ,000029,000766 
S3ON,000003,000000 ,000001-,000002 ,000005,000000 ,000001-,000000 ,000004 ,000017,000502 
S4  ,000000,000000 ,000000 ,000000 ,000000,000000 ,000000 ,000000 ,000000 ,000000,000000 
ESHD,000061,000000 ,000001-,000060 ,000001,000000 ,000001-,000000 ,000000 ,000023,000672 
ICUA,000000,000000 ,000000 ,000000 ,000000,000000 ,000000 ,000000 ,000000 ,000000,000000 
ICUB,000000,000000 ,000000 ,000000 ,000000,000000 ,000000 ,000000 ,000000 ,000000,000000 
ICUC,000000,000000 ,000000 ,000000 ,000000,000000 ,000000 ,000000 ,000000 ,000000,000000 
CICU,000000,000000 ,000000 ,000000 ,000000,000000 ,000000 ,000000 ,000000 ,000000,000000 
PAHD,000000,000000 ,000000 ,000000 ,000000,000000 ,000000 ,000000 ,000000 ,000000,000000 
INCH,000001,000000 ,000000 ,000001 ,000008,000000 ,000000 ,000000 ,000008 ,000023,000605 
PICU,000000,000000 ,000000 ,000000 ,000001,000000 ,000000 ,000000 ,000001 ,000002,000119 
ADOL,000000,000000 ,000000 ,000000 ,000000,000000 ,000000 ,000000 ,000000 ,000000,000000 
LDRA,000000,000000 ,000000 ,000000 ,000005,000000 ,000000 ,000000 ,000005 ,000008,000213 
LDRB,000000,000000 ,000000 ,000000 ,000004,000000 ,000000 ,000000 ,000004 ,000009,000208 
LDRC,000000,000000 ,000000 ,000000 ,000001,000000 ,000000 ,000000 ,000001 ,000004,000213 
PCU ,000000,000000 ,000000 ,000000 ,000000,000000 ,000000 ,000000 ,000000 ,000000,000000 
WIN2,000001,000000 ,000000 ,000001 ,000010,000000 ,000000 ,000000 ,000010 ,000010,000321 
NICU,000000,000000 ,000000 ,000000 ,000001,000000 ,000000 ,000000 ,000001 ,000022,000534 
NCCN,000000,000000 ,000000 ,000000 ,000000,000000 ,000000 ,000000 ,000000 ,000016,000280 
APTU,000000,000000 ,000000 ,000000 ,000000,000000 ,000000 ,000000 ,000000 ,000026,000675 
S64 ,000000,000000 ,000000 ,000000 ,000004,000000 ,000000 ,000000 ,000004 ,000027,000686 
NURA,000000,000000 ,000000 ,000000 ,000004,000000 ,000000 ,000000 ,000004 ,000009,000192 
NURD,000000,000000 ,000000 ,000000 ,000007,000000 ,000000 ,000000 ,000007 ,000005,000214 
OBHD,000008,000000 ,000000 ,000008 ,000000,000000 ,000000 ,000000 ,000000 ,000000,000008 
NURB,000000,000000 ,000000 ,000000 ,000003,000000 ,000000 ,000000 ,000003 ,000005,000090 
NURC,000012,000000 ,000000 ,000012 ,000000,000000 ,000000 ,000000 ,000000 ,000001,000039 
SURA,000000,000000 ,000000 ,000000 ,000000,000000 ,000000 ,000000 ,000000 ,000000,000000 
SWAP,000000,000000 ,000000 ,000000 ,000000,000000 ,000000 ,000000 ,000000 ,000000,000000 
DSTB,000000,000000 ,000000 ,000000 ,000000,000000 ,000000 ,000000 ,000000 ,000000,000000 
CHST,000000,000000 ,000000 ,000000 ,000000,000000 ,000000 ,000000 ,000000 ,000000,000001 
DSTA,000000,000000 ,000000 ,000000 ,000000,000000 ,000000 ,000000 ,000000 ,000000,000000 
ENDO,000000,000000 ,000000 ,000000 ,000000,000000 ,000000 ,000000 ,000000 ,000000,000000 
ESS6,000000,000000 ,000000 ,000000 ,000000,000000 ,000000 ,000000 ,000000 ,000000,000000 
ESS2,000000,000000 ,000000 ,000000 ,000000,000000 ,000000 ,000000 ,000000 ,000000,000000 
ESCH,000000,000000 ,000000 ,000000 ,000000,000000 ,000000 ,000000 ,000000 ,000000,000000 
EDAU,000000,000000 ,000000 ,000000 ,000000,000000 ,000000 ,000000 ,000000 ,000000,000000 
S66 ,000000,000000 ,000000 ,000000 ,000000,000000 ,000000 ,000000 ,000000 ,000000,000000 
CVCU,000000,000000 ,000000 ,000000 ,000000,000000 ,000000 ,000000 ,000000 ,000000,000000 
CVIC,000000,000000 ,000000 ,000000 ,000000,000000 ,000000 ,000000 ,000000 ,000000,000000 
S15 ,000000,000000 ,000000 ,000000 ,000000,000000 ,000000 ,000000 ,000000 ,000000,000000 
HVCC,000000,000000 ,000000 ,000000 ,000001,000000 ,000000 ,000000 ,000001 ,000020,000623 
M5  ,000001,000000 ,000001-,000000 ,000009,000000 ,000001-,000000 ,000008 ,000028,000661 
M6  ,000001,000000 ,000000 ,000001 ,000005,000000 ,000000 ,000000 ,000005 ,000028,000757 
M7  ,000000,000000 ,000000 ,000000 ,000004,000000 ,000000 ,000000 ,000004 ,000034,000844 
CARE,000000,000000 ,000000 ,000000 ,000000,000000 ,000000 ,000000 ,000000 ,000000,000001 
D5A ,000000,000000 ,000000 ,000000 ,000008,000000 ,000000 ,000000 ,000008 ,000027,000795 
MICU,000001,000000 ,000000 ,000001 ,000000,000000 ,000000 ,000000 ,000000 ,000014,000352 
NIU ,000000,000000 ,000000 ,000000 ,000000,000000 ,000000 ,000000 ,000000 ,000009,000208 
SICU,000001,000000 ,000000 ,000001 ,000000,000000 ,000000 ,000000 ,000000 ,000010,000232 
PIC ,000000,000000 ,000000 ,000000 ,000000,000000 ,000000 ,000000 ,000000 ,000000,000000 
D3B ,000002,000000 ,000001-,000001 ,000002,000000 ,000001-,000000 ,000001 ,000006,000121 
ICTU,000000,000000 ,000000 ,000000 ,000000,000000 ,000000 ,000000 ,000000 ,000000,000000 
ESHP,000005,000000 ,000000 ,000005 ,000000,000000 ,000000 ,000000 ,000000 ,000001,000017 
SW5 ,000000,000000 ,000000 ,000000 ,000001,000000 ,000000 ,000000 ,000001 ,000030,000760 
SW6 ,000000,000000 ,000000 ,000000 ,000009,000000 ,000000 ,000000 ,000009 ,000024,000710 
SW7 ,000000,000000 ,000000 ,000000 ,000006,000000 ,000000 ,000000 ,000006 ,000029,000642 
D6B ,000001,000000 ,000000 ,000001 ,000003,000000 ,000000 ,000000 ,000003 ,000039,001000 
D6A ,000002,000000 ,000000 ,000002 ,000006,000000 ,000000 ,000000 ,000006 ,000032,000851 
PPU ,000000,000000 ,000000 ,000000 ,000000,000000 ,000000 ,000000 ,000000 ,000000,000000 
NCCU,000000,000000 ,000000 ,000000 ,000000,000000 ,000000 ,000000 ,000000 ,000003,000090 
TOTL,000102,000000 ,000004-,000098 ,000127,000000 ,000004-,000000 ,000123 ,000627,016476 
