C6-A,000000,000000 ,000000 ,000000 ,000000,000000 ,000000 ,000000 ,000000 ,000000,000000 
C6-B,000000,000000 ,000000 ,000000 ,000000,000000 ,000000 ,000000 ,000000 ,000000,000000 
C5-A,000000,000000 ,000000 ,000000 ,000000,000000 ,000000 ,000000 ,000000 ,000000,000000 
S1  ,000001,000000 ,000000 ,000001 ,000003,000000 ,000000 ,000000 ,000003 ,000010,000149 
S2  ,000001,000000 ,000000 ,000001 ,000009,000000 ,000000 ,000000 ,000009 ,000024,000319 
S3  ,000000,000000 ,000000 ,000000 ,000000,000000 ,000000 ,000000 ,000000 ,000000,000000 
S5  ,000000,000000 ,000000 ,000000 ,000000,000000 ,000000 ,000000 ,000000 ,000000,000000 
W3  ,000001,000000 ,000000 ,000001 ,000002,000000 ,000000 ,000000 ,000002 ,000020,000295 
W4  ,000000,000000 ,000000 ,000000 ,000006,000000 ,000000 ,000000 ,000006 ,000031,000410 
S3ON,000002,000000 ,000000 ,000002 ,000005,000000 ,000000 ,000000 ,000005 ,000018,000277 
S4  ,000000,000000 ,000000 ,000000 ,000000,000000 ,000000 ,000000 ,000000 ,000000,000000 
ESHD,000063,000000 ,000001-,000062 ,000003,000000 ,000001-,000000 ,000002 ,000039,000381 
ICUA,000000,000000 ,000000 ,000000 ,000000,000000 ,000000 ,000000 ,000000 ,000000,000000 
ICUB,000000,000000 ,000000 ,000000 ,000000,000000 ,000000 ,000000 ,000000 ,000000,000000 
ICUC,000000,000000 ,000000 ,000000 ,000000,000000 ,000000 ,000000 ,000000 ,000000,000000 
CICU,000000,000000 ,000000 ,000000 ,000000,000000 ,000000 ,000000 ,000000 ,000000,000000 
PAHD,000013,000000 ,000000 ,000013 ,000001,000000 ,000000 ,000000 ,000001 ,000000,000001-
INCH,000005,000000 ,000003-,000002 ,000012,000000 ,000003-,000000 ,000009 ,000023,000310 
PICU,000000,000000 ,000000 ,000000 ,000001,000000 ,000000 ,000000 ,000001 ,000003,000064 
ADOL,000000,000000 ,000000 ,000000 ,000000,000000 ,000000 ,000000 ,000000 ,000000,000000 
LDRA,000000,000000 ,000000 ,000000 ,000006,000000 ,000000 ,000000 ,000006 ,000008,000114 
LDRB,000000,000000 ,000000 ,000000 ,000003,000000 ,000000 ,000000 ,000003 ,000010,000112 
LDRC,000006,000000 ,000000 ,000006 ,000000,000000 ,000000 ,000000 ,000000 ,000009,000121 
PCU ,000000,000000 ,000000 ,000000 ,000000,000000 ,000000 ,000000 ,000000 ,000000,000000 
WIN2,000000,000000 ,000000 ,000000 ,000004,000000 ,000000 ,000000 ,000004 ,000015,000170 
NICU,000000,000000 ,000000 ,000000 ,000000,000000 ,000000 ,000000 ,000000 ,000020,000260 
NCCN,000000,000000 ,000000 ,000000 ,000001,000000 ,000000 ,000000 ,000001 ,000012,000136 
APTU,000002,000000 ,000000 ,000002 ,000002,000000 ,000000 ,000000 ,000002 ,000026,000364 
S64 ,000002,000000 ,000001-,000001 ,000003,000000 ,000001-,000000 ,000002 ,000026,000374 
NURA,000000,000000 ,000000 ,000000 ,000006,000000 ,000000 ,000000 ,000006 ,000008,000103 
NURD,000000,000000 ,000000 ,000000 ,000006,000000 ,000000 ,000000 ,000006 ,000007,000115 
OBHD,000005,000000 ,000000 ,000005 ,000000,000000 ,000000 ,000000 ,000000 ,000000,000003 
NURB,000000,000000 ,000000 ,000000 ,000003,000000 ,000000 ,000000 ,000003 ,000005,000054 
NURC,000015,000000 ,000000 ,000015 ,000000,000000 ,000000 ,000000 ,000000 ,000001,000021 
SURA,000000,000000 ,000000 ,000000 ,000000,000000 ,000000 ,000000 ,000000 ,000000,000000 
SWAP,000000,000000 ,000000 ,000000 ,000000,000000 ,000000 ,000000 ,000000 ,000000,000000 
DSTB,000000,000000 ,000000 ,000000 ,000000,000000 ,000000 ,000000 ,000000 ,000000,000000 
CHST,000001,000000 ,000000 ,000001 ,000000,000000 ,000000 ,000000 ,000000 ,000000,000001 
DSTA,000000,000000 ,000000 ,000000 ,000000,000000 ,000000 ,000000 ,000000 ,000000,000000 
ENDO,000000,000000 ,000000 ,000000 ,000000,000000 ,000000 ,000000 ,000000 ,000000,000000 
ESS6,000000,000000 ,000000 ,000000 ,000000,000000 ,000000 ,000000 ,000000 ,000000,000000 
ESS2,000000,000000 ,000000 ,000000 ,000000,000000 ,000000 ,000000 ,000000 ,000000,000000 
ESCH,000000,000000 ,000000 ,000000 ,000000,000000 ,000000 ,000000 ,000000 ,000000,000000 
EDAU,000000,000000 ,000000 ,000000 ,000000,000000 ,000000 ,000000 ,000000 ,000000,000000 
S66 ,000000,000000 ,000000 ,000000 ,000000,000000 ,000000 ,000000 ,000000 ,000000,000000 
CVCU,000000,000000 ,000000 ,000000 ,000000,000000 ,000000 ,000000 ,000000 ,000000,000000 
CVIC,000000,000000 ,000000 ,000000 ,000000,000000 ,000000 ,000000 ,000000 ,000000,000000 
S15 ,000000,000000 ,000000 ,000000 ,000000,000000 ,000000 ,000000 ,000000 ,000000,000000 
HVCC,000002,000000 ,000000 ,000002 ,000001,000000 ,000000 ,000000 ,000001 ,000025,000339 
M5  ,000003,000000 ,000000 ,000003 ,000006,000000 ,000000 ,000000 ,000006 ,000026,000333 
M6  ,000001,000000 ,000000 ,000001 ,000005,000000 ,000000 ,000000 ,000005 ,000031,000402 
M7  ,000000,000000 ,000000 ,000000 ,000008,000000 ,000000 ,000000 ,000008 ,000031,000458 
CARE,000005,000000 ,000000 ,000005 ,000001,000000 ,000000 ,000000 ,000001 ,000000,000003 
D5A ,000001,000000 ,000000 ,000001 ,000008,000000 ,000000 ,000000 ,000008 ,000033,000439 
MICU,000001,000000 ,000000 ,000001 ,000000,000000 ,000000 ,000000 ,000000 ,000014,000190 
NIU ,000000,000000 ,000000 ,000000 ,000002,000000 ,000000 ,000000 ,000002 ,000007,000111 
SICU,000000,000000 ,000000 ,000000 ,000000,000000 ,000000 ,000000 ,000000 ,000010,000124 
PIC ,000000,000000 ,000000 ,000000 ,000000,000000 ,000000 ,000000 ,000000 ,000000,000000 
D3B ,000002,000000 ,000000 ,000002 ,000002,000000 ,000000 ,000000 ,000002 ,000002,000071 
ICTU,000000,000000 ,000000 ,000000 ,000000,000000 ,000000 ,000000 ,000000 ,000000,000000 
ESHP,000009,000000 ,000000 ,000009 ,000000,000000 ,000000 ,000000 ,000000 ,000001,000006 
SW5 ,000001,000000 ,000000 ,000001 ,000006,000000 ,000000 ,000000 ,000006 ,000028,000406 
SW6 ,000000,000000 ,000000 ,000000 ,000003,000000 ,000000 ,000001-,000002 ,000030,000394 
SW7 ,000010,000000 ,000000 ,000010 ,000008,000000 ,000000 ,000000 ,000008 ,000023,000346 
D6B ,000000,000000 ,000000 ,000000 ,000007,000000 ,000000 ,000000 ,000007 ,000036,000540 
D6A ,000000,000000 ,000000 ,000000 ,000005,000000 ,000000 ,000000 ,000005 ,000034,000459 
PPU ,000000,000000 ,000000 ,000000 ,000000,000000 ,000000 ,000000 ,000000 ,000000,000000 
NCCU,000000,000000 ,000000 ,000000 ,000000,000000 ,000000 ,000000 ,000000 ,000003,000051 
TOTL,000152,000000 ,000005-,000147 ,000138,000000 ,000005-,000001-,000132 ,000649,008824 
