C6-A,000000,000000 ,000000 ,000000 ,000000,000000 ,000000 ,000000 ,000000 ,000000,000000 
C6-B,000000,000000 ,000000 ,000000 ,000000,000000 ,000000 ,000000 ,000000 ,000000,000000 
C5-A,000000,000000 ,000000 ,000000 ,000000,000000 ,000000 ,000000 ,000000 ,000000,000000 
S1  ,000001,000000 ,000000 ,000001 ,000013,000000 ,000000 ,000000 ,000013 ,000011,000271 
S2  ,000000,000000 ,000000 ,000000 ,000008,000000 ,000000 ,000000 ,000008 ,000021,000483 
S3  ,000000,000000 ,000000 ,000000 ,000000,000000 ,000000 ,000000 ,000000 ,000000,000000 
S5  ,000000,000000 ,000000 ,000000 ,000000,000000 ,000000 ,000000 ,000000 ,000000,000000 
W3  ,000002,000000 ,000000 ,000002 ,000007,000000 ,000000 ,000000 ,000007 ,000018,000434 
W4  ,000001,000000 ,000000 ,000001 ,000006,000000 ,000000 ,000000 ,000006 ,000030,000616 
S3ON,000001,000000 ,000000 ,000001 ,000003,000000 ,000000 ,000000 ,000003 ,000018,000413 
S4  ,000000,000000 ,000000 ,000000 ,000000,000000 ,000000 ,000000 ,000000 ,000000,000000 
ESHD,000068,000000 ,000000 ,000068 ,000000,000000 ,000000 ,000000 ,000000 ,000028,000522 
ICUA,000000,000000 ,000000 ,000000 ,000000,000000 ,000000 ,000000 ,000000 ,000000,000000 
ICUB,000000,000000 ,000000 ,000000 ,000000,000000 ,000000 ,000000 ,000000 ,000000,000000 
ICUC,000000,000000 ,000000 ,000000 ,000000,000000 ,000000 ,000000 ,000000 ,000000,000000 
CICU,000000,000000 ,000000 ,000000 ,000000,000000 ,000000 ,000000 ,000000 ,000000,000000 
PAHD,000000,000000 ,000000 ,000000 ,000000,000000 ,000000 ,000000 ,000000 ,000000,000000 
INCH,000003,000000 ,000000 ,000003 ,000011,000000 ,000000 ,000000 ,000011 ,000017,000482 
PICU,000000,000000 ,000000 ,000000 ,000002,000000 ,000000 ,000000 ,000002 ,000004,000105 
ADOL,000000,000000 ,000000 ,000000 ,000000,000000 ,000000 ,000000 ,000000 ,000000,000000 
LDRA,000000,000000 ,000000 ,000000 ,000004,000000 ,000000 ,000000 ,000004 ,000004,000169 
LDRB,000001,000000 ,000000 ,000001 ,000000,000000 ,000000 ,000000 ,000000 ,000009,000166 
LDRC,000000,000000 ,000000 ,000000 ,000001,000000 ,000000 ,000000 ,000001 ,000008,000171 
PCU ,000000,000000 ,000000 ,000000 ,000000,000000 ,000000 ,000000 ,000000 ,000000,000000 
WIN2,000000,000000 ,000000 ,000000 ,000004,000000 ,000000 ,000000 ,000004 ,000011,000254 
NICU,000000,000000 ,000000 ,000000 ,000000,000000 ,000000 ,000000 ,000000 ,000023,000418 
NCCN,000000,000000 ,000000 ,000000 ,000002,000000 ,000000 ,000000 ,000002 ,000009,000213 
APTU,000000,000000 ,000000 ,000000 ,000000,000000 ,000000 ,000000 ,000000 ,000026,000545 
S64 ,000001,000000 ,000001-,000000 ,000003,000000 ,000001-,000000 ,000002 ,000026,000557 
NURA,000000,000000 ,000000 ,000000 ,000004,000000 ,000000 ,000000 ,000004 ,000003,000151 
NURD,000000,000000 ,000000 ,000000 ,000003,000000 ,000000 ,000000 ,000003 ,000008,000169 
OBHD,000007,000000 ,000000 ,000007 ,000000,000000 ,000000 ,000000 ,000000 ,000001,000006 
NURB,000000,000000 ,000000 ,000000 ,000000,000000 ,000000 ,000000 ,000000 ,000002,000072 
NURC,000005,000000 ,000000 ,000005 ,000000,000000 ,000000 ,000000 ,000000 ,000002,000030 
SURA,000000,000000 ,000000 ,000000 ,000000,000000 ,000000 ,000000 ,000000 ,000000,000000 
SWAP,000000,000000 ,000000 ,000000 ,000000,000000 ,000000 ,000000 ,000000 ,000000,000000 
DSTB,000000,000000 ,000000 ,000000 ,000000,000000 ,000000 ,000000 ,000000 ,000000,000000 
CHST,000000,000000 ,000000 ,000000 ,000000,000000 ,000000 ,000000 ,000000 ,000000,000001 
DSTA,000000,000000 ,000000 ,000000 ,000000,000000 ,000000 ,000000 ,000000 ,000000,000000 
ENDO,000000,000000 ,000000 ,000000 ,000000,000000 ,000000 ,000000 ,000000 ,000000,000000 
ESS6,000000,000000 ,000000 ,000000 ,000000,000000 ,000000 ,000000 ,000000 ,000000,000000 
ESS2,000000,000000 ,000000 ,000000 ,000000,000000 ,000000 ,000000 ,000000 ,000000,000000 
ESCH,000000,000000 ,000000 ,000000 ,000000,000000 ,000000 ,000000 ,000000 ,000000,000000 
EDAU,000000,000000 ,000000 ,000000 ,000000,000000 ,000000 ,000000 ,000000 ,000000,000000 
S66 ,000000,000000 ,000000 ,000000 ,000000,000000 ,000000 ,000000 ,000000 ,000000,000000 
CVCU,000000,000000 ,000000 ,000000 ,000000,000000 ,000000 ,000000 ,000000 ,000000,000000 
CVIC,000000,000000 ,000000 ,000000 ,000000,000000 ,000000 ,000000 ,000000 ,000000,000000 
S15 ,000000,000000 ,000000 ,000000 ,000000,000000 ,000000 ,000000 ,000000 ,000000,000000 
HVCC,000006,000000 ,000000 ,000006 ,000000,000000 ,000000 ,000000 ,000000 ,000026,000505 
M5  ,000002,000000 ,000000 ,000002 ,000005,000000 ,000000 ,000000 ,000005 ,000030,000526 
M6  ,000002,000000 ,000000 ,000002 ,000003,000000 ,000000 ,000000 ,000003 ,000030,000607 
M7  ,000000,000000 ,000000 ,000000 ,000003,000000 ,000000 ,000000 ,000003 ,000033,000687 
CARE,000000,000000 ,000000 ,000000 ,000000,000000 ,000000 ,000000 ,000000 ,000000,000003 
D5A ,000003,000000 ,000000 ,000003 ,000004,000000 ,000000 ,000000 ,000004 ,000024,000630 
MICU,000001,000000 ,000000 ,000001 ,000000,000000 ,000000 ,000000 ,000000 ,000014,000281 
NIU ,000000,000000 ,000000 ,000000 ,000000,000000 ,000000 ,000000 ,000000 ,000007,000163 
SICU,000001,000000 ,000000 ,000001 ,000001,000000 ,000000 ,000000 ,000001 ,000009,000188 
PIC ,000000,000000 ,000000 ,000000 ,000000,000000 ,000000 ,000000 ,000000 ,000000,000000 
D3B ,000002,000000 ,000000 ,000002 ,000001,000000 ,000000 ,000000 ,000001 ,000001,000085 
ICTU,000000,000000 ,000000 ,000000 ,000000,000000 ,000000 ,000000 ,000000 ,000000,000000 
ESHP,000002,000000 ,000000 ,000002 ,000000,000000 ,000000 ,000000 ,000000 ,000003,000020 
SW5 ,000000,000000 ,000000 ,000000 ,000005,000000 ,000000 ,000000 ,000005 ,000027,000609 
SW6 ,000000,000000 ,000000 ,000000 ,000007,000000 ,000000 ,000000 ,000007 ,000026,000584 
SW7 ,000000,000000 ,000001-,000001-,000008,000000 ,000001-,000000 ,000007 ,000023,000515 
D6B ,000000,000000 ,000000 ,000000 ,000005,000000 ,000000 ,000000 ,000005 ,000041,000817 
D6A ,000000,000000 ,000000 ,000000 ,000008,000000 ,000000 ,000000 ,000008 ,000035,000681 
PPU ,000000,000000 ,000000 ,000000 ,000000,000000 ,000000 ,000000 ,000000 ,000000,000000 
NCCU,000000,000000 ,000000 ,000000 ,000000,000000 ,000000 ,000000 ,000000 ,000004,000071 
TOTL,000109,000000 ,000002-,000107 ,000121,000000 ,000002-,000000 ,000119 ,000612,013220 
