C6-A,000000,000000 ,000000 ,000000 ,000000,000000 ,000000 ,000000 ,000000 ,000000,000000 
C6-B,000000,000000 ,000000 ,000000 ,000000,000000 ,000000 ,000000 ,000000 ,000000,000000 
C5-A,000000,000000 ,000000 ,000000 ,000000,000000 ,000000 ,000000 ,000000 ,000000,000000 
S1  ,000002,000000 ,000005-,000003-,000009,000000 ,000005-,000001-,000003 ,000011,000108 
S2  ,000000,000000 ,000001-,000001-,000002,000000 ,000001-,000000 ,000001 ,000023,000245 
S3  ,000000,000000 ,000000 ,000000 ,000000,000000 ,000000 ,000000 ,000000 ,000000,000000 
S5  ,000000,000000 ,000000 ,000000 ,000000,000000 ,000000 ,000000 ,000000 ,000000,000000 
W3  ,000001,000000 ,000001-,000000 ,000006,000000 ,000001-,000000 ,000005 ,000017,000236 
W4  ,000000,000000 ,000000 ,000000 ,000005,000000 ,000000 ,000000 ,000005 ,000031,000320 
S3ON,000002,000000 ,000000 ,000002 ,000005,000000 ,000000 ,000000 ,000005 ,000021,000217 
S4  ,000000,000000 ,000000 ,000000 ,000000,000000 ,000000 ,000000 ,000000 ,000000,000000 
ESHD,000060,000000 ,000003-,000057 ,000004,000000 ,000003-,000000 ,000001 ,000012,000281 
ICUA,000000,000000 ,000000 ,000000 ,000000,000000 ,000000 ,000000 ,000000 ,000000,000000 
ICUB,000000,000000 ,000000 ,000000 ,000000,000000 ,000000 ,000000 ,000000 ,000000,000000 
ICUC,000000,000000 ,000000 ,000000 ,000000,000000 ,000000 ,000000 ,000000 ,000000,000000 
CICU,000000,000000 ,000000 ,000000 ,000000,000000 ,000000 ,000000 ,000000 ,000000,000000 
PAHD,000006,000000 ,000000 ,000006 ,000001,000000 ,000000 ,000000 ,000001 ,000000,000001-
INCH,000002,000000 ,000003-,000001-,000015,000000 ,000003-,000001-,000011 ,000016,000250 
PICU,000000,000000 ,000000 ,000000 ,000001,000000 ,000000 ,000000 ,000001 ,000005,000051 
ADOL,000000,000000 ,000000 ,000000 ,000000,000000 ,000000 ,000000 ,000000 ,000000,000000 
LDRA,000000,000000 ,000000 ,000000 ,000004,000000 ,000000 ,000000 ,000004 ,000011,000086 
LDRB,000000,000000 ,000000 ,000000 ,000002,000000 ,000000 ,000000 ,000002 ,000009,000085 
LDRC,000008,000000 ,000000 ,000008 ,000001,000000 ,000000 ,000000 ,000001 ,000011,000091 
PCU ,000000,000000 ,000000 ,000000 ,000000,000000 ,000000 ,000000 ,000000 ,000000,000000 
WIN2,000000,000000 ,000001-,000001-,000006,000000 ,000001-,000001-,000004 ,000018,000140 
NICU,000001,000000 ,000001-,000000 ,000004,000000 ,000001-,000001-,000002 ,000020,000202 
NCCN,000000,000000 ,000000 ,000000 ,000000,000000 ,000000 ,000000 ,000000 ,000011,000101 
APTU,000000,000000 ,000000 ,000000 ,000003,000000 ,000000 ,000000 ,000003 ,000026,000286 
S64 ,000002,000000 ,000000 ,000002 ,000004,000000 ,000000 ,000000 ,000004 ,000027,000298 
NURA,000000,000000 ,000000 ,000000 ,000002,000000 ,000000 ,000000 ,000002 ,000009,000076 
NURD,000000,000000 ,000000 ,000000 ,000005,000000 ,000000 ,000000 ,000005 ,000013,000092 
OBHD,000009,000000 ,000000 ,000009 ,000000,000000 ,000000 ,000000 ,000000 ,000000,000002 
NURB,000000,000000 ,000000 ,000000 ,000001,000000 ,000000 ,000000 ,000001 ,000004,000040 
NURC,000017,000000 ,000000 ,000017 ,000000,000000 ,000000 ,000000 ,000000 ,000001,000018 
SURA,000000,000000 ,000000 ,000000 ,000000,000000 ,000000 ,000000 ,000000 ,000000,000000 
SWAP,000000,000000 ,000000 ,000000 ,000000,000000 ,000000 ,000000 ,000000 ,000000,000000 
DSTB,000000,000000 ,000000 ,000000 ,000000,000000 ,000000 ,000000 ,000000 ,000000,000000 
CHST,000002,000000 ,000000 ,000002 ,000000,000000 ,000000 ,000000 ,000000 ,000000,000001 
DSTA,000000,000000 ,000000 ,000000 ,000000,000000 ,000000 ,000000 ,000000 ,000000,000000 
ENDO,000000,000000 ,000000 ,000000 ,000000,000000 ,000000 ,000000 ,000000 ,000000,000000 
ESS6,000000,000000 ,000000 ,000000 ,000000,000000 ,000000 ,000000 ,000000 ,000000,000000 
ESS2,000000,000000 ,000000 ,000000 ,000000,000000 ,000000 ,000000 ,000000 ,000000,000000 
ESCH,000000,000000 ,000000 ,000000 ,000000,000000 ,000000 ,000000 ,000000 ,000000,000000 
EDAU,000000,000000 ,000000 ,000000 ,000000,000000 ,000000 ,000000 ,000000 ,000000,000000 
S66 ,000000,000000 ,000000 ,000000 ,000000,000000 ,000000 ,000000 ,000000 ,000000,000000 
CVCU,000000,000000 ,000000 ,000000 ,000000,000000 ,000000 ,000000 ,000000 ,000000,000000 
CVIC,000000,000000 ,000000 ,000000 ,000000,000000 ,000000 ,000000 ,000000 ,000000,000000 
S15 ,000000,000000 ,000000 ,000000 ,000000,000000 ,000000 ,000000 ,000000 ,000000,000000 
HVCC,000003,000000 ,000000 ,000003 ,000000,000000 ,000000 ,000000 ,000000 ,000029,000264 
M5  ,000002,000000 ,000000 ,000002 ,000008,000000 ,000000 ,000000 ,000008 ,000023,000255 
M6  ,000002,000000 ,000000 ,000002 ,000007,000000 ,000000 ,000000 ,000007 ,000030,000316 
M7  ,000000,000000 ,000000 ,000000 ,000009,000000 ,000000 ,000000 ,000009 ,000033,000360 
CARE,000004,000000 ,000000 ,000004 ,000000,000000 ,000000 ,000000 ,000000 ,000000,000002 
D5A ,000002,000000 ,000001-,000001 ,000014,000000 ,000001-,000001-,000012 ,000031,000340 
MICU,000000,000000 ,000000 ,000000 ,000001,000000 ,000000 ,000000 ,000001 ,000011,000149 
NIU ,000000,000000 ,000000 ,000000 ,000001,000000 ,000000 ,000000 ,000001 ,000008,000088 
SICU,000001,000000 ,000000 ,000001 ,000000,000000 ,000000 ,000000 ,000000 ,000008,000101 
PIC ,000000,000000 ,000000 ,000000 ,000000,000000 ,000000 ,000000 ,000000 ,000000,000000 
D3B ,000003,000000 ,000001-,000002 ,000005,000000 ,000001-,000000 ,000004 ,000003,000055 
ICTU,000000,000000 ,000000 ,000000 ,000000,000000 ,000000 ,000000 ,000000 ,000000,000000 
ESHP,000002,000000 ,000000 ,000002 ,000001,000000 ,000000 ,000000 ,000001 ,000000,000003 
SW5 ,000000,000000 ,000000 ,000000 ,000004,000000 ,000000 ,000000 ,000004 ,000029,000319 
SW6 ,000001,000000 ,000001-,000000 ,000007,000000 ,000001-,000001-,000005 ,000032,000308 
SW7 ,000009,000000 ,000000 ,000009 ,000008,000000 ,000000 ,000000 ,000008 ,000027,000278 
D6B ,000001,000000 ,000000 ,000001 ,000008,000000 ,000000 ,000000 ,000008 ,000037,000424 
D6A ,000000,000000 ,000000 ,000000 ,000012,000000 ,000000 ,000000 ,000012 ,000035,000361 
PPU ,000000,000000 ,000000 ,000000 ,000000,000000 ,000000 ,000000 ,000000 ,000000,000000 
NCCU,000001,000000 ,000000 ,000001 ,000000,000000 ,000000 ,000000 ,000000 ,000004,000040 
TOTL,000143,000000 ,000018-,000125 ,000165,000000 ,000018-,000006-,000141 ,000636,006888 
