C6-A,000000,000000 ,000000 ,000000 ,000000,000000 ,000000 ,000000 ,000000 ,000000,000000 
C6-B,000000,000000 ,000000 ,000000 ,000000,000000 ,000000 ,000000 ,000000 ,000000,000000 
C5-A,000000,000000 ,000000 ,000000 ,000000,000000 ,000000 ,000000 ,000000 ,000000,000000 
S1  ,000001,000000 ,000000 ,000001 ,000003,000000 ,000000 ,000000 ,000003 ,000018,000259 
S2  ,000000,000000 ,000000 ,000000 ,000004,000000 ,000000 ,000000 ,000004 ,000023,000462 
S3  ,000000,000000 ,000000 ,000000 ,000000,000000 ,000000 ,000000 ,000000 ,000000,000000 
S5  ,000000,000000 ,000000 ,000000 ,000000,000000 ,000000 ,000000 ,000000 ,000000,000000 
W3  ,000000,000000 ,000000 ,000000 ,000003,000000 ,000000 ,000001-,000002 ,000019,000416 
W4  ,000001,000000 ,000000 ,000001 ,000002,000000 ,000000 ,000000 ,000002 ,000030,000586 
S3ON,000000,000000 ,000000 ,000000 ,000005,000000 ,000000 ,000000 ,000005 ,000018,000394 
S4  ,000000,000000 ,000000 ,000000 ,000000,000000 ,000000 ,000000 ,000000 ,000000,000000 
ESHD,000047,000000 ,000002-,000045 ,000003,000000 ,000002-,000000 ,000001 ,000016,000494 
ICUA,000000,000000 ,000000 ,000000 ,000000,000000 ,000000 ,000000 ,000000 ,000000,000000 
ICUB,000000,000000 ,000000 ,000000 ,000000,000000 ,000000 ,000000 ,000000 ,000000,000000 
ICUC,000000,000000 ,000000 ,000000 ,000000,000000 ,000000 ,000000 ,000000 ,000000,000000 
CICU,000000,000000 ,000000 ,000000 ,000000,000000 ,000000 ,000000 ,000000 ,000000,000000 
PAHD,000000,000000 ,000000 ,000000 ,000000,000000 ,000000 ,000000 ,000000 ,000000,000000 
INCH,000003,000000 ,000000 ,000003 ,000008,000000 ,000000 ,000000 ,000008 ,000022,000465 
PICU,000002,000000 ,000000 ,000002 ,000000,000000 ,000000 ,000000 ,000000 ,000007,000101 
ADOL,000000,000000 ,000000 ,000000 ,000000,000000 ,000000 ,000000 ,000000 ,000000,000000 
LDRA,000000,000000 ,000000 ,000000 ,000004,000000 ,000000 ,000000 ,000004 ,000006,000165 
LDRB,000001,000000 ,000000 ,000001 ,000003,000000 ,000000 ,000000 ,000003 ,000008,000157 
LDRC,000001,000000 ,000000 ,000001 ,000001,000000 ,000000 ,000000 ,000001 ,000007,000163 
PCU ,000000,000000 ,000000 ,000000 ,000000,000000 ,000000 ,000000 ,000000 ,000000,000000 
WIN2,000000,000000 ,000000 ,000000 ,000002,000000 ,000000 ,000000 ,000002 ,000013,000243 
NICU,000000,000000 ,000000 ,000000 ,000001,000000 ,000000 ,000000 ,000001 ,000023,000395 
NCCN,000000,000000 ,000000 ,000000 ,000000,000000 ,000000 ,000000 ,000000 ,000010,000204 
APTU,000000,000000 ,000000 ,000000 ,000000,000000 ,000000 ,000000 ,000000 ,000026,000519 
S64 ,000000,000000 ,000000 ,000000 ,000000,000000 ,000000 ,000000 ,000000 ,000025,000528 
NURA,000000,000000 ,000000 ,000000 ,000003,000000 ,000000 ,000000 ,000003 ,000007,000149 
NURD,000000,000000 ,000000 ,000000 ,000002,000000 ,000000 ,000001-,000001 ,000009,000161 
OBHD,000006,000000 ,000000 ,000006 ,000000,000000 ,000000 ,000000 ,000000 ,000000,000004 
NURB,000000,000000 ,000000 ,000000 ,000002,000000 ,000000 ,000000 ,000002 ,000001,000070 
NURC,000009,000000 ,000000 ,000009 ,000000,000000 ,000000 ,000000 ,000000 ,000001,000027 
SURA,000000,000000 ,000000 ,000000 ,000000,000000 ,000000 ,000000 ,000000 ,000000,000000 
SWAP,000000,000000 ,000000 ,000000 ,000000,000000 ,000000 ,000000 ,000000 ,000000,000000 
DSTB,000000,000000 ,000000 ,000000 ,000000,000000 ,000000 ,000000 ,000000 ,000000,000000 
CHST,000000,000000 ,000000 ,000000 ,000000,000000 ,000000 ,000000 ,000000 ,000000,000001 
DSTA,000000,000000 ,000000 ,000000 ,000000,000000 ,000000 ,000000 ,000000 ,000000,000000 
ENDO,000000,000000 ,000000 ,000000 ,000000,000000 ,000000 ,000000 ,000000 ,000000,000000 
ESS6,000000,000000 ,000000 ,000000 ,000000,000000 ,000000 ,000000 ,000000 ,000000,000000 
ESS2,000000,000000 ,000000 ,000000 ,000000,000000 ,000000 ,000000 ,000000 ,000000,000000 
ESCH,000000,000000 ,000000 ,000000 ,000000,000000 ,000000 ,000000 ,000000 ,000000,000000 
EDAU,000000,000000 ,000000 ,000000 ,000000,000000 ,000000 ,000000 ,000000 ,000000,000000 
S66 ,000000,000000 ,000000 ,000000 ,000000,000000 ,000000 ,000000 ,000000 ,000000,000000 
CVCU,000000,000000 ,000000 ,000000 ,000000,000000 ,000000 ,000000 ,000000 ,000000,000000 
CVIC,000000,000000 ,000000 ,000000 ,000000,000000 ,000000 ,000000 ,000000 ,000000,000000 
S15 ,000000,000000 ,000000 ,000000 ,000000,000000 ,000000 ,000000 ,000000 ,000000,000000 
HVCC,000006,000000 ,000000 ,000006 ,000000,000000 ,000000 ,000000 ,000000 ,000024,000479 
M5  ,000005,000000 ,000000 ,000005 ,000004,000000 ,000000 ,000000 ,000004 ,000031,000492 
M6  ,000000,000000 ,000000 ,000000 ,000002,000000 ,000000 ,000000 ,000002 ,000030,000577 
M7  ,000001,000000 ,000000 ,000001 ,000001,000000 ,000000 ,000000 ,000001 ,000033,000654 
CARE,000000,000000 ,000000 ,000000 ,000000,000000 ,000000 ,000000 ,000000 ,000000,000003 
D5A ,000002,000000 ,000000 ,000002 ,000008,000000 ,000000 ,000000 ,000008 ,000024,000597 
MICU,000000,000000 ,000000 ,000000 ,000001,000000 ,000000 ,000000 ,000001 ,000014,000267 
NIU ,000000,000000 ,000000 ,000000 ,000000,000000 ,000000 ,000000 ,000000 ,000008,000156 
SICU,000000,000000 ,000000 ,000000 ,000000,000000 ,000000 ,000000 ,000000 ,000007,000179 
PIC ,000000,000000 ,000000 ,000000 ,000000,000000 ,000000 ,000000 ,000000 ,000000,000000 
D3B ,000001,000000 ,000000 ,000001 ,000001,000000 ,000000 ,000000 ,000001 ,000000,000082 
ICTU,000000,000000 ,000000 ,000000 ,000000,000000 ,000000 ,000000 ,000000 ,000000,000000 
ESHP,000006,000000 ,000000 ,000006 ,000000,000000 ,000000 ,000000 ,000000 ,000002,000017 
SW5 ,000000,000000 ,000000 ,000000 ,000002,000000 ,000000 ,000000 ,000002 ,000030,000582 
SW6 ,000000,000000 ,000000 ,000000 ,000001,000000 ,000000 ,000000 ,000001 ,000030,000558 
SW7 ,000001,000000 ,000000 ,000001 ,000004,000000 ,000000 ,000001-,000003 ,000025,000494 
D6B ,000002,000000 ,000000 ,000002 ,000001,000000 ,000000 ,000000 ,000001 ,000039,000776 
D6A ,000001,000000 ,000000 ,000001 ,000004,000000 ,000000 ,000000 ,000004 ,000035,000646 
PPU ,000000,000000 ,000000 ,000000 ,000000,000000 ,000000 ,000000 ,000000 ,000000,000000 
NCCU,000000,000000 ,000000 ,000000 ,000000,000000 ,000000 ,000000 ,000000 ,000003,000067 
TOTL,000096,000000 ,000002-,000094 ,000075,000000 ,000002-,000003-,000070 ,000624,012589 
