C6-A,000000,000000 ,000000 ,000000 ,000000,000000 ,000000 ,000000 ,000000 ,000000,000000 
C6-B,000000,000000 ,000000 ,000000 ,000000,000000 ,000000 ,000000 ,000000 ,000000,000000 
C5-A,000000,000000 ,000000 ,000000 ,000000,000000 ,000000 ,000000 ,000000 ,000000,000000 
S1  ,000004,000000 ,000000 ,000004 ,000005,000000 ,000000 ,000000 ,000005 ,000018,000170 
S2  ,000000,000000 ,000000 ,000000 ,000008,000000 ,000000 ,000000 ,000008 ,000025,000344 
S3  ,000000,000000 ,000000 ,000000 ,000000,000000 ,000000 ,000000 ,000000 ,000000,000000 
S5  ,000000,000000 ,000000 ,000000 ,000000,000000 ,000000 ,000000 ,000000 ,000000,000000 
W3  ,000002,000000 ,000000 ,000002 ,000007,000000 ,000000 ,000000 ,000007 ,000018,000313 
W4  ,000000,000000 ,000000 ,000000 ,000011,000000 ,000000 ,000000 ,000011 ,000031,000441 
S3ON,000001,000000 ,000000 ,000001 ,000003,000000 ,000000 ,000000 ,000003 ,000021,000299 
S4  ,000000,000000 ,000000 ,000000 ,000000,000000 ,000000 ,000000 ,000000 ,000000,000000 
ESHD,000056,000000 ,000000 ,000056 ,000004,000000 ,000000 ,000000 ,000004 ,000022,000384 
ICUA,000000,000000 ,000000 ,000000 ,000000,000000 ,000000 ,000000 ,000000 ,000000,000000 
ICUB,000000,000000 ,000000 ,000000 ,000000,000000 ,000000 ,000000 ,000000 ,000000,000000 
ICUC,000000,000000 ,000000 ,000000 ,000000,000000 ,000000 ,000000 ,000000 ,000000,000000 
CICU,000000,000000 ,000000 ,000000 ,000000,000000 ,000000 ,000000 ,000000 ,000000,000000 
PAHD,000008,000000 ,000002-,000006 ,000002,000000 ,000002-,000000 ,000000 ,000001,000000 
INCH,000005,000000 ,000000 ,000005 ,000007,000000 ,000000 ,000000 ,000007 ,000028,000338 
PICU,000000,000000 ,000000 ,000000 ,000001,000000 ,000000 ,000000 ,000001 ,000006,000070 
ADOL,000000,000000 ,000000 ,000000 ,000000,000000 ,000000 ,000000 ,000000 ,000000,000000 
LDRA,000000,000000 ,000000 ,000000 ,000005,000000 ,000000 ,000000 ,000005 ,000007,000121 
LDRB,000001,000000 ,000000 ,000001 ,000004,000000 ,000000 ,000000 ,000004 ,000008,000120 
LDRC,000003,000000 ,000000 ,000003 ,000003,000000 ,000000 ,000000 ,000003 ,000007,000129 
PCU ,000000,000000 ,000000 ,000000 ,000000,000000 ,000000 ,000000 ,000000 ,000000,000000 
WIN2,000000,000000 ,000000 ,000000 ,000005,000000 ,000000 ,000000 ,000005 ,000013,000183 
NICU,000000,000000 ,000000 ,000000 ,000002,000000 ,000000 ,000002-,000000 ,000023,000283 
NCCN,000000,000000 ,000000 ,000000 ,000003,000000 ,000000 ,000000 ,000003 ,000010,000146 
APTU,000003,000000 ,000000 ,000003 ,000006,000000 ,000000 ,000000 ,000006 ,000026,000389 
S64 ,000001,000000 ,000000 ,000001 ,000006,000000 ,000000 ,000000 ,000006 ,000026,000402 
NURA,000000,000000 ,000000 ,000000 ,000005,000000 ,000000 ,000000 ,000005 ,000007,000110 
NURD,000000,000000 ,000000 ,000000 ,000003,000000 ,000000 ,000000 ,000003 ,000006,000121 
OBHD,000006,000000 ,000000 ,000006 ,000000,000000 ,000000 ,000000 ,000000 ,000000,000004 
NURB,000003,000000 ,000000 ,000003 ,000002,000000 ,000000 ,000000 ,000002 ,000003,000057 
NURC,000008,000000 ,000000 ,000008 ,000000,000000 ,000000 ,000000 ,000000 ,000002,000023 
SURA,000000,000000 ,000000 ,000000 ,000000,000000 ,000000 ,000000 ,000000 ,000000,000000 
SWAP,000000,000000 ,000000 ,000000 ,000000,000000 ,000000 ,000000 ,000000 ,000000,000000 
DSTB,000000,000000 ,000000 ,000000 ,000000,000000 ,000000 ,000000 ,000000 ,000000,000000 
CHST,000003,000000 ,000000 ,000003 ,000000,000000 ,000000 ,000000 ,000000 ,000000,000001 
DSTA,000000,000000 ,000000 ,000000 ,000000,000000 ,000000 ,000000 ,000000 ,000000,000000 
ENDO,000000,000000 ,000000 ,000000 ,000000,000000 ,000000 ,000000 ,000000 ,000000,000000 
ESS6,000000,000000 ,000000 ,000000 ,000000,000000 ,000000 ,000000 ,000000 ,000000,000000 
ESS2,000000,000000 ,000000 ,000000 ,000000,000000 ,000000 ,000000 ,000000 ,000000,000000 
ESCH,000000,000000 ,000000 ,000000 ,000000,000000 ,000000 ,000000 ,000000 ,000000,000000 
EDAU,000000,000000 ,000000 ,000000 ,000000,000000 ,000000 ,000000 ,000000 ,000000,000000 
S66 ,000000,000000 ,000000 ,000000 ,000000,000000 ,000000 ,000000 ,000000 ,000000,000000 
CVCU,000000,000000 ,000000 ,000000 ,000000,000000 ,000000 ,000000 ,000000 ,000000,000000 
CVIC,000000,000000 ,000000 ,000000 ,000000,000000 ,000000 ,000000 ,000000 ,000000,000000 
S15 ,000000,000000 ,000000 ,000000 ,000000,000000 ,000000 ,000000 ,000000 ,000000,000000 
HVCC,000000,000000 ,000000 ,000000 ,000003,000000 ,000000 ,000000 ,000003 ,000022,000361 
M5  ,000007,000000 ,000000 ,000007 ,000010,000000 ,000000 ,000000 ,000010 ,000023,000361 
M6  ,000001,000000 ,000000 ,000001 ,000008,000000 ,000000 ,000000 ,000008 ,000029,000431 
M7  ,000001,000000 ,000000 ,000001 ,000005,000000 ,000000 ,000000 ,000005 ,000032,000490 
CARE,000006,000000 ,000000 ,000006 ,000000,000000 ,000000 ,000000 ,000000 ,000000,000003 
D5A ,000001,000000 ,000000 ,000001 ,000014,000000 ,000000 ,000000 ,000014 ,000031,000470 
MICU,000000,000000 ,000000 ,000000 ,000002,000000 ,000000 ,000000 ,000002 ,000012,000202 
NIU ,000000,000000 ,000000 ,000000 ,000001,000000 ,000000 ,000000 ,000001 ,000004,000115 
SICU,000000,000000 ,000000 ,000000 ,000002,000000 ,000000 ,000000 ,000002 ,000007,000131 
PIC ,000000,000000 ,000000 ,000000 ,000000,000000 ,000000 ,000000 ,000000 ,000000,000000 
D3B ,000001,000000 ,000000 ,000001 ,000001,000000 ,000000 ,000000 ,000001 ,000002,000075 
ICTU,000000,000000 ,000000 ,000000 ,000000,000000 ,000000 ,000000 ,000000 ,000000,000000 
ESHP,000012,000000 ,000000 ,000012 ,000000,000000 ,000000 ,000000 ,000000 ,000002,000008 
SW5 ,000002,000000 ,000000 ,000002 ,000005,000000 ,000000 ,000000 ,000005 ,000028,000434 
SW6 ,000002,000000 ,000001-,000001 ,000008,000000 ,000001-,000000 ,000007 ,000027,000420 
SW7 ,000008,000000 ,000000 ,000008 ,000008,000000 ,000000 ,000000 ,000008 ,000023,000369 
D6B ,000003,000000 ,000000 ,000003 ,000007,000000 ,000000 ,000000 ,000007 ,000038,000579 
D6A ,000000,000000 ,000000 ,000000 ,000009,000000 ,000000 ,000000 ,000009 ,000032,000491 
PPU ,000000,000000 ,000000 ,000000 ,000000,000000 ,000000 ,000000 ,000000 ,000000,000000 
NCCU,000000,000000 ,000000 ,000000 ,000000,000000 ,000000 ,000000 ,000000 ,000004,000054 
TOTL,000148,000000 ,000003-,000145 ,000175,000000 ,000003-,000002-,000170 ,000624,009442 
