C6-A,000000,000000 ,000000 ,000000 ,000000,000000 ,000000 ,000000 ,000000 ,000000,000000 
C6-B,000000,000000 ,000000 ,000000 ,000000,000000 ,000000 ,000000 ,000000 ,000000,000000 
C5-A,000000,000000 ,000000 ,000000 ,000000,000000 ,000000 ,000000 ,000000 ,000000,000000 
S1  ,000003,000000 ,000000 ,000003 ,000008,000000 ,000000 ,000000 ,000008 ,000016,000241 
S2  ,000000,000000 ,000000 ,000000 ,000006,000000 ,000000 ,000000 ,000006 ,000024,000439 
S3  ,000000,000000 ,000000 ,000000 ,000000,000000 ,000000 ,000000 ,000000 ,000000,000000 
S5  ,000000,000000 ,000000 ,000000 ,000000,000000 ,000000 ,000000 ,000000 ,000000,000000 
W3  ,000000,000000 ,000000 ,000000 ,000005,000000 ,000000 ,000000 ,000005 ,000018,000397 
W4  ,000000,000000 ,000000 ,000000 ,000010,000000 ,000000 ,000000 ,000010 ,000024,000556 
S3ON,000001,000000 ,000000 ,000001 ,000003,000000 ,000000 ,000000 ,000003 ,000020,000376 
S4  ,000000,000000 ,000000 ,000000 ,000000,000000 ,000000 ,000000 ,000000 ,000000,000000 
ESHD,000070,000000 ,000000 ,000070 ,000001,000000 ,000000 ,000000 ,000001 ,000018,000478 
ICUA,000000,000000 ,000000 ,000000 ,000000,000000 ,000000 ,000000 ,000000 ,000000,000000 
ICUB,000000,000000 ,000000 ,000000 ,000000,000000 ,000000 ,000000 ,000000 ,000000,000000 
ICUC,000000,000000 ,000000 ,000000 ,000000,000000 ,000000 ,000000 ,000000 ,000000,000000 
CICU,000000,000000 ,000000 ,000000 ,000000,000000 ,000000 ,000000 ,000000 ,000000,000000 
PAHD,000000,000000 ,000000 ,000000 ,000000,000000 ,000000 ,000000 ,000000 ,000000,000000 
INCH,000003,000000 ,000001-,000002 ,000012,000000 ,000001-,000000 ,000011 ,000019,000441 
PICU,000000,000000 ,000000 ,000000 ,000000,000000 ,000000 ,000000 ,000000 ,000006,000094 
ADOL,000000,000000 ,000000 ,000000 ,000000,000000 ,000000 ,000000 ,000000 ,000000,000000 
LDRA,000000,000000 ,000000 ,000000 ,000008,000000 ,000000 ,000001-,000007 ,000008,000159 
LDRB,000001,000000 ,000000 ,000001 ,000004,000000 ,000000 ,000000 ,000004 ,000009,000150 
LDRC,000001,000000 ,000000 ,000001 ,000000,000000 ,000000 ,000000 ,000000 ,000010,000156 
PCU ,000000,000000 ,000000 ,000000 ,000000,000000 ,000000 ,000000 ,000000 ,000000,000000 
WIN2,000000,000000 ,000000 ,000000 ,000008,000000 ,000000 ,000000 ,000008 ,000008,000230 
NICU,000003,000000 ,000000 ,000003 ,000001,000000 ,000000 ,000000 ,000001 ,000025,000372 
NCCN,000000,000000 ,000000 ,000000 ,000002,000000 ,000000 ,000000 ,000002 ,000010,000194 
APTU,000001,000000 ,000000 ,000001 ,000002,000000 ,000000 ,000000 ,000002 ,000026,000493 
S64 ,000001,000000 ,000000 ,000001 ,000008,000000 ,000000 ,000000 ,000008 ,000024,000503 
NURA,000000,000000 ,000000 ,000000 ,000008,000000 ,000000 ,000001-,000007 ,000007,000142 
NURD,000000,000000 ,000000 ,000000 ,000006,000000 ,000000 ,000000 ,000006 ,000005,000152 
OBHD,000009,000000 ,000000 ,000009 ,000000,000000 ,000000 ,000000 ,000000 ,000000,000004 
NURB,000000,000000 ,000000 ,000000 ,000003,000000 ,000000 ,000000 ,000003 ,000002,000070 
NURC,000006,000000 ,000000 ,000006 ,000000,000000 ,000000 ,000000 ,000000 ,000000,000026 
SURA,000000,000000 ,000000 ,000000 ,000000,000000 ,000000 ,000000 ,000000 ,000000,000000 
SWAP,000000,000000 ,000000 ,000000 ,000000,000000 ,000000 ,000000 ,000000 ,000000,000000 
DSTB,000000,000000 ,000000 ,000000 ,000000,000000 ,000000 ,000000 ,000000 ,000000,000000 
CHST,000000,000000 ,000000 ,000000 ,000000,000000 ,000000 ,000000 ,000000 ,000000,000001 
DSTA,000000,000000 ,000000 ,000000 ,000000,000000 ,000000 ,000000 ,000000 ,000000,000000 
ENDO,000000,000000 ,000000 ,000000 ,000000,000000 ,000000 ,000000 ,000000 ,000000,000000 
ESS6,000000,000000 ,000000 ,000000 ,000000,000000 ,000000 ,000000 ,000000 ,000000,000000 
ESS2,000000,000000 ,000000 ,000000 ,000000,000000 ,000000 ,000000 ,000000 ,000000,000000 
ESCH,000000,000000 ,000000 ,000000 ,000000,000000 ,000000 ,000000 ,000000 ,000000,000000 
EDAU,000000,000000 ,000000 ,000000 ,000000,000000 ,000000 ,000000 ,000000 ,000000,000000 
S66 ,000000,000000 ,000000 ,000000 ,000000,000000 ,000000 ,000000 ,000000 ,000000,000000 
CVCU,000000,000000 ,000000 ,000000 ,000000,000000 ,000000 ,000000 ,000000 ,000000,000000 
CVIC,000000,000000 ,000000 ,000000 ,000000,000000 ,000000 ,000000 ,000000 ,000000,000000 
S15 ,000000,000000 ,000000 ,000000 ,000000,000000 ,000000 ,000000 ,000000 ,000000,000000 
HVCC,000001,000000 ,000000 ,000001 ,000004,000000 ,000000 ,000000 ,000004 ,000020,000455 
M5  ,000001,000000 ,000000 ,000001 ,000009,000000 ,000000 ,000000 ,000009 ,000026,000460 
M6  ,000001,000000 ,000001-,000000 ,000007,000000 ,000001-,000000 ,000006 ,000030,000547 
M7  ,000000,000000 ,000000 ,000000 ,000005,000000 ,000000 ,000000 ,000005 ,000029,000621 
CARE,000000,000000 ,000000 ,000000 ,000000,000000 ,000000 ,000000 ,000000 ,000000,000003 
D5A ,000000,000000 ,000000 ,000000 ,000005,000000 ,000000 ,000000 ,000005 ,000026,000572 
MICU,000000,000000 ,000000 ,000000 ,000001,000000 ,000000 ,000000 ,000001 ,000014,000253 
NIU ,000002,000000 ,000000 ,000002 ,000000,000000 ,000000 ,000000 ,000000 ,000008,000148 
SICU,000000,000000 ,000000 ,000000 ,000001,000000 ,000000 ,000000 ,000001 ,000009,000172 
PIC ,000000,000000 ,000000 ,000000 ,000000,000000 ,000000 ,000000 ,000000 ,000000,000000 
D3B ,000001,000000 ,000000 ,000001 ,000001,000000 ,000000 ,000000 ,000001 ,000000,000081 
ICTU,000000,000000 ,000000 ,000000 ,000000,000000 ,000000 ,000000 ,000000 ,000000,000000 
ESHP,000006,000000 ,000000 ,000006 ,000000,000000 ,000000 ,000000 ,000000 ,000003,000015 
SW5 ,000000,000000 ,000000 ,000000 ,000002,000000 ,000000 ,000000 ,000002 ,000030,000552 
SW6 ,000001,000000 ,000000 ,000001 ,000011,000000 ,000000 ,000000 ,000011 ,000026,000525 
SW7 ,000000,000000 ,000000 ,000000 ,000011,000000 ,000000 ,000000 ,000011 ,000023,000469 
D6B ,000002,000000 ,000000 ,000002 ,000004,000000 ,000000 ,000000 ,000004 ,000040,000736 
D6A ,000002,000000 ,000000 ,000002 ,000007,000000 ,000000 ,000000 ,000007 ,000035,000611 
PPU ,000000,000000 ,000000 ,000000 ,000000,000000 ,000000 ,000000 ,000000 ,000000,000000 
NCCU,000000,000000 ,000000 ,000000 ,000000,000000 ,000000 ,000000 ,000000 ,000002,000064 
TOTL,000116,000000 ,000002-,000114 ,000163,000000 ,000002-,000002-,000159 ,000600,011958 
