C6-A,000000,000000 ,000000 ,000000 ,000000,000000 ,000000 ,000000 ,000000 ,000000,000000 
C6-B,000000,000000 ,000000 ,000000 ,000000,000000 ,000000 ,000000 ,000000 ,000000,000000 
C5-A,000000,000000 ,000000 ,000000 ,000000,000000 ,000000 ,000000 ,000000 ,000000,000000 
S1  ,000000,000000 ,000001-,000001-,000005,000000 ,000001-,000000 ,000004 ,000010,000104 
S2  ,000000,000000 ,000000 ,000000 ,000008,000000 ,000000 ,000000 ,000008 ,000024,000223 
S3  ,000000,000000 ,000000 ,000000 ,000000,000000 ,000000 ,000000 ,000000 ,000000,000000 
S5  ,000000,000000 ,000000 ,000000 ,000000,000000 ,000000 ,000000 ,000000 ,000000,000000 
W3  ,000000,000000 ,000001-,000001-,000008,000000 ,000001-,000001-,000006 ,000020,000220 
W4  ,000000,000000 ,000001-,000001-,000008,000000 ,000001-,000000 ,000007 ,000031,000289 
S3ON,000000,000000 ,000000 ,000000 ,000004,000000 ,000000 ,000000 ,000004 ,000022,000196 
S4  ,000000,000000 ,000000 ,000000 ,000000,000000 ,000000 ,000000 ,000000 ,000000,000000 
ESHD,000062,000000 ,000003-,000059 ,000010,000000 ,000003-,000000 ,000007 ,000022,000269 
ICUA,000000,000000 ,000000 ,000000 ,000000,000000 ,000000 ,000000 ,000000 ,000000,000000 
ICUB,000000,000000 ,000000 ,000000 ,000000,000000 ,000000 ,000000 ,000000 ,000000,000000 
ICUC,000000,000000 ,000000 ,000000 ,000000,000000 ,000000 ,000000 ,000000 ,000000,000000 
CICU,000000,000000 ,000000 ,000000 ,000000,000000 ,000000 ,000000 ,000000 ,000000,000000 
PAHD,000006,000000 ,000000 ,000006 ,000001,000000 ,000000 ,000000 ,000001 ,000000,000002-
INCH,000002,000000 ,000002-,000000 ,000014,000000 ,000002-,000000 ,000012 ,000025,000237 
PICU,000001,000000 ,000000 ,000001 ,000000,000000 ,000000 ,000000 ,000000 ,000006,000046 
ADOL,000000,000000 ,000000 ,000000 ,000000,000000 ,000000 ,000000 ,000000 ,000000,000000 
LDRA,000000,000000 ,000000 ,000000 ,000003,000000 ,000000 ,000000 ,000003 ,000007,000075 
LDRB,000000,000000 ,000000 ,000000 ,000002,000000 ,000000 ,000000 ,000002 ,000008,000076 
LDRC,000005,000000 ,000001-,000004 ,000001,000000 ,000001-,000001-,000001-,000011,000080 
PCU ,000000,000000 ,000000 ,000000 ,000000,000000 ,000000 ,000000 ,000000 ,000000,000000 
WIN2,000000,000000 ,000000 ,000000 ,000001,000000 ,000000 ,000000 ,000001 ,000016,000123 
NICU,000000,000000 ,000000 ,000000 ,000000,000000 ,000000 ,000000 ,000000 ,000019,000182 
NCCN,000000,000000 ,000000 ,000000 ,000001,000000 ,000000 ,000000 ,000001 ,000010,000090 
APTU,000001,000000 ,000000 ,000001 ,000006,000000 ,000000 ,000000 ,000006 ,000026,000260 
S64 ,000000,000000 ,000000 ,000000 ,000013,000000 ,000000 ,000000 ,000013 ,000025,000269 
NURA,000000,000000 ,000000 ,000000 ,000002,000000 ,000000 ,000000 ,000002 ,000005,000067 
NURD,000000,000000 ,000000 ,000000 ,000001,000000 ,000000 ,000000 ,000001 ,000013,000079 
OBHD,000012,000000 ,000000 ,000012 ,000000,000000 ,000000 ,000000 ,000000 ,000001,000002 
NURB,000001,000000 ,000000 ,000001 ,000000,000000 ,000000 ,000000 ,000000 ,000002,000036 
NURC,000009,000000 ,000000 ,000009 ,000000,000000 ,000000 ,000000 ,000000 ,000002,000017 
SURA,000000,000000 ,000000 ,000000 ,000000,000000 ,000000 ,000000 ,000000 ,000000,000000 
SWAP,000000,000000 ,000000 ,000000 ,000000,000000 ,000000 ,000000 ,000000 ,000000,000000 
DSTB,000001,000000 ,000000 ,000001 ,000000,000000 ,000000 ,000000 ,000000 ,000000,000000 
CHST,000000,000000 ,000000 ,000000 ,000000,000000 ,000000 ,000000 ,000000 ,000000,000001 
DSTA,000000,000000 ,000000 ,000000 ,000000,000000 ,000000 ,000000 ,000000 ,000000,000000 
ENDO,000000,000000 ,000000 ,000000 ,000000,000000 ,000000 ,000000 ,000000 ,000000,000000 
ESS6,000000,000000 ,000000 ,000000 ,000000,000000 ,000000 ,000000 ,000000 ,000000,000000 
ESS2,000000,000000 ,000000 ,000000 ,000000,000000 ,000000 ,000000 ,000000 ,000000,000000 
ESCH,000000,000000 ,000000 ,000000 ,000000,000000 ,000000 ,000000 ,000000 ,000000,000000 
EDAU,000000,000000 ,000000 ,000000 ,000000,000000 ,000000 ,000000 ,000000 ,000000,000000 
S66 ,000000,000000 ,000000 ,000000 ,000000,000000 ,000000 ,000000 ,000000 ,000000,000000 
CVCU,000000,000000 ,000000 ,000000 ,000000,000000 ,000000 ,000000 ,000000 ,000000,000000 
CVIC,000000,000000 ,000000 ,000000 ,000000,000000 ,000000 ,000000 ,000000 ,000000,000000 
S15 ,000000,000000 ,000000 ,000000 ,000000,000000 ,000000 ,000000 ,000000 ,000000,000000 
HVCC,000001,000000 ,000000 ,000001 ,000002,000000 ,000000 ,000000 ,000002 ,000027,000235 
M5  ,000003,000000 ,000001-,000002 ,000007,000000 ,000001-,000001-,000005 ,000025,000232 
M6  ,000002,000000 ,000000 ,000002 ,000012,000000 ,000000 ,000000 ,000012 ,000029,000286 
M7  ,000000,000000 ,000000 ,000000 ,000008,000000 ,000000 ,000000 ,000008 ,000034,000327 
CARE,000004,000000 ,000000 ,000004 ,000000,000000 ,000000 ,000000 ,000000 ,000001,000002 
D5A ,000001,000000 ,000000 ,000001 ,000009,000000 ,000000 ,000000 ,000009 ,000032,000309 
MICU,000002,000000 ,000000 ,000002 ,000001,000000 ,000000 ,000001-,000000 ,000015,000138 
NIU ,000000,000000 ,000000 ,000000 ,000002,000000 ,000000 ,000000 ,000002 ,000009,000080 
SICU,000000,000000 ,000000 ,000000 ,000000,000000 ,000000 ,000000 ,000000 ,000008,000093 
PIC ,000000,000000 ,000000 ,000000 ,000000,000000 ,000000 ,000000 ,000000 ,000000,000000 
D3B ,000004,000000 ,000000 ,000004 ,000002,000000 ,000000 ,000000 ,000002 ,000005,000049 
ICTU,000000,000000 ,000000 ,000000 ,000000,000000 ,000000 ,000000 ,000000 ,000000,000000 
ESHP,000021,000000 ,000001-,000020 ,000002,000000 ,000001-,000000 ,000001 ,000003,000017 
SW5 ,000001,000000 ,000000 ,000001 ,000004,000000 ,000000 ,000000 ,000004 ,000031,000290 
SW6 ,000001,000000 ,000000 ,000001 ,000009,000000 ,000000 ,000000 ,000009 ,000028,000277 
SW7 ,000004,000000 ,000001-,000003 ,000016,000000 ,000001-,000000 ,000015 ,000020,000251 
D6B ,000001,000000 ,000000 ,000001 ,000006,000000 ,000000 ,000000 ,000006 ,000042,000387 
D6A ,000004,000000 ,000000 ,000004 ,000008,000000 ,000000 ,000000 ,000008 ,000035,000326 
PPU ,000000,000000 ,000000 ,000000 ,000000,000000 ,000000 ,000000 ,000000 ,000000,000000 
NCCU,000000,000000 ,000000 ,000000 ,000000,000000 ,000000 ,000000 ,000000 ,000003,000036 
TOTL,000149,000000 ,000012-,000137 ,000176,000000 ,000012-,000004-,000160 ,000652,006274 
