C6-A,000000,000000 ,000000 ,000000 ,000000,000000 ,000000 ,000000 ,000000 ,000000,000000 
C6-B,000000,000000 ,000000 ,000000 ,000000,000000 ,000000 ,000000 ,000000 ,000000,000000 
C5-A,000000,000000 ,000000 ,000000 ,000000,000000 ,000000 ,000000 ,000000 ,000000,000000 
S1  ,000003,000000 ,000000 ,000003 ,000003,000000 ,000000 ,000000 ,000003 ,000013,000135 
S2  ,000000,000000 ,000000 ,000000 ,000003,000000 ,000000 ,000000 ,000003 ,000022,000291 
S3  ,000000,000000 ,000000 ,000000 ,000000,000000 ,000000 ,000000 ,000000 ,000000,000000 
S5  ,000000,000000 ,000000 ,000000 ,000000,000000 ,000000 ,000000 ,000000 ,000000,000000 
W3  ,000000,000000 ,000000 ,000000 ,000003,000000 ,000000 ,000000 ,000003 ,000019,000275 
W4  ,000000,000000 ,000000 ,000000 ,000002,000000 ,000000 ,000000 ,000002 ,000029,000379 
S3ON,000000,000000 ,000000 ,000000 ,000004,000000 ,000000 ,000000 ,000004 ,000019,000256 
S4  ,000000,000000 ,000000 ,000000 ,000000,000000 ,000000 ,000000 ,000000 ,000000,000000 
ESHD,000051,000000 ,000001-,000050 ,000002,000000 ,000001-,000001-,000000 ,000026,000319 
ICUA,000000,000000 ,000000 ,000000 ,000000,000000 ,000000 ,000000 ,000000 ,000000,000000 
ICUB,000000,000000 ,000000 ,000000 ,000000,000000 ,000000 ,000000 ,000000 ,000000,000000 
ICUC,000000,000000 ,000000 ,000000 ,000000,000000 ,000000 ,000000 ,000000 ,000000,000000 
CICU,000000,000000 ,000000 ,000000 ,000000,000000 ,000000 ,000000 ,000000 ,000000,000000 
PAHD,000000,000000 ,000000 ,000000 ,000000,000000 ,000000 ,000000 ,000000 ,000000,000002-
INCH,000001,000000 ,000002-,000001-,000010,000000 ,000002-,000002-,000006 ,000022,000288 
PICU,000000,000000 ,000000 ,000000 ,000000,000000 ,000000 ,000000 ,000000 ,000003,000060 
ADOL,000000,000000 ,000000 ,000000 ,000000,000000 ,000000 ,000000 ,000000 ,000000,000000 
LDRA,000000,000000 ,000000 ,000000 ,000005,000000 ,000000 ,000000 ,000005 ,000009,000106 
LDRB,000000,000000 ,000000 ,000000 ,000003,000000 ,000000 ,000000 ,000003 ,000007,000102 
LDRC,000004,000000 ,000000 ,000004 ,000000,000000 ,000000 ,000000 ,000000 ,000013,000112 
PCU ,000000,000000 ,000000 ,000000 ,000000,000000 ,000000 ,000000 ,000000 ,000000,000000 
WIN2,000000,000000 ,000001-,000001-,000007,000000 ,000001-,000001-,000005 ,000014,000155 
NICU,000000,000000 ,000000 ,000000 ,000004,000000 ,000000 ,000002-,000002 ,000019,000240 
NCCN,000000,000000 ,000000 ,000000 ,000000,000000 ,000000 ,000000 ,000000 ,000012,000124 
APTU,000000,000000 ,000000 ,000000 ,000000,000000 ,000000 ,000000 ,000000 ,000026,000338 
S64 ,000001,000000 ,000000 ,000001 ,000002,000000 ,000000 ,000000 ,000002 ,000026,000349 
NURA,000000,000000 ,000000 ,000000 ,000003,000000 ,000000 ,000000 ,000003 ,000009,000095 
NURD,000000,000000 ,000000 ,000000 ,000002,000000 ,000000 ,000000 ,000002 ,000009,000108 
OBHD,000010,000000 ,000000 ,000010 ,000000,000000 ,000000 ,000000 ,000000 ,000001,000003 
NURB,000001,000000 ,000000 ,000001 ,000001,000000 ,000000 ,000000 ,000001 ,000004,000049 
NURC,000008,000000 ,000000 ,000008 ,000000,000000 ,000000 ,000000 ,000000 ,000001,000020 
SURA,000000,000000 ,000000 ,000000 ,000000,000000 ,000000 ,000000 ,000000 ,000000,000000 
SWAP,000000,000000 ,000000 ,000000 ,000000,000000 ,000000 ,000000 ,000000 ,000000,000000 
DSTB,000000,000000 ,000000 ,000000 ,000000,000000 ,000000 ,000000 ,000000 ,000000,000000 
CHST,000000,000000 ,000000 ,000000 ,000000,000000 ,000000 ,000000 ,000000 ,000000,000001 
DSTA,000000,000000 ,000000 ,000000 ,000000,000000 ,000000 ,000000 ,000000 ,000000,000000 
ENDO,000000,000000 ,000000 ,000000 ,000000,000000 ,000000 ,000000 ,000000 ,000000,000000 
ESS6,000000,000000 ,000000 ,000000 ,000000,000000 ,000000 ,000000 ,000000 ,000000,000000 
ESS2,000000,000000 ,000000 ,000000 ,000000,000000 ,000000 ,000000 ,000000 ,000000,000000 
ESCH,000000,000000 ,000000 ,000000 ,000000,000000 ,000000 ,000000 ,000000 ,000000,000000 
EDAU,000000,000000 ,000000 ,000000 ,000000,000000 ,000000 ,000000 ,000000 ,000000,000000 
S66 ,000000,000000 ,000000 ,000000 ,000000,000000 ,000000 ,000000 ,000000 ,000000,000000 
CVCU,000000,000000 ,000000 ,000000 ,000000,000000 ,000000 ,000000 ,000000 ,000000,000000 
CVIC,000000,000000 ,000000 ,000000 ,000000,000000 ,000000 ,000000 ,000000 ,000000,000000 
S15 ,000000,000000 ,000000 ,000000 ,000000,000000 ,000000 ,000000 ,000000 ,000000,000000 
HVCC,000001,000000 ,000000 ,000001 ,000001,000000 ,000000 ,000000 ,000001 ,000022,000314 
M5  ,000004,000000 ,000000 ,000004 ,000002,000000 ,000000 ,000000 ,000002 ,000027,000307 
M6  ,000005,000000 ,000000 ,000005 ,000005,000000 ,000000 ,000000 ,000005 ,000030,000371 
M7  ,000001,000000 ,000000 ,000001 ,000003,000000 ,000000 ,000000 ,000003 ,000033,000428 
CARE,000000,000000 ,000000 ,000000 ,000000,000000 ,000000 ,000000 ,000000 ,000000,000002 
D5A ,000001,000000 ,000000 ,000001 ,000003,000000 ,000000 ,000000 ,000003 ,000034,000406 
MICU,000000,000000 ,000000 ,000000 ,000001,000000 ,000000 ,000000 ,000001 ,000015,000176 
NIU ,000000,000000 ,000000 ,000000 ,000001,000000 ,000000 ,000000 ,000001 ,000007,000104 
SICU,000000,000000 ,000000 ,000000 ,000000,000000 ,000000 ,000000 ,000000 ,000006,000114 
PIC ,000000,000000 ,000000 ,000000 ,000000,000000 ,000000 ,000000 ,000000 ,000000,000000 
D3B ,000002,000000 ,000000 ,000002 ,000002,000000 ,000000 ,000000 ,000002 ,000003,000064 
ICTU,000000,000000 ,000000 ,000000 ,000000,000000 ,000000 ,000000 ,000000 ,000000,000000 
ESHP,000006,000000 ,000000 ,000006 ,000000,000000 ,000000 ,000000 ,000000 ,000000,000005 
SW5 ,000000,000000 ,000000 ,000000 ,000003,000000 ,000000 ,000000 ,000003 ,000028,000375 
SW6 ,000001,000000 ,000002-,000001-,000006,000000 ,000002-,000002-,000002 ,000030,000364 
SW7 ,000000,000000 ,000000 ,000000 ,000008,000000 ,000000 ,000000 ,000008 ,000019,000322 
D6B ,000001,000000 ,000000 ,000001 ,000001,000000 ,000000 ,000000 ,000001 ,000040,000504 
D6A ,000002,000000 ,000000 ,000002 ,000004,000000 ,000000 ,000000 ,000004 ,000033,000425 
PPU ,000000,000000 ,000000 ,000000 ,000000,000000 ,000000 ,000000 ,000000 ,000000,000000 
NCCU,000000,000000 ,000000 ,000000 ,000000,000000 ,000000 ,000000 ,000000 ,000004,000048 
TOTL,000103,000000 ,000006-,000097 ,000094,000000 ,000006-,000008-,000080 ,000634,008132 
